t dt mgp.i mgp.nrelax mgpf.i mgpf.nrelax mgu.i mgu.nrelax grid->tn perf.t perf.speed npe
0 0.00041059 0 0 0 0 0 0 262144 0 0 8
0.00041059 0.00041059 14 4 0 0 1 4 125952 3.63704 34630.4 8
0.00106622 0.00065563 21 3 0 0 2 3 309856 6.41385 67948 8
0.00162819 0.000561969 14 3 0 0 3 2 340992 9.81272 79162.6 8
0.00219016 0.000561969 20 2 0 0 4 2 351744 13.8049 81749.4 8
0.00275213 0.000561969 13 3 0 0 4 2 364288 17.4692 85455.3 8
0.00331409 0.000561969 12 4 0 0 4 2 360704 21.3477 86826.1 8
0.00373557 0.000421476 10 4 0 0 3 2 358912 24.8099 89176.2 8
0.00415705 0.000421476 11 4 0 0 3 2 355328 28.1202 91314.3 8
0.00457852 0.000421476 11 4 0 0 3 2 354880 31.5067 92763.1 8
0.005 0.000421476 10 4 0 0 3 2 355776 34.7775 94268.6 8
0.0055 0.0005 12 4 0 0 3 2 358464 38.9321 93416.4 8
0.006 0.0005 12 4 0 0 3 2 368320 42.5414 94148.6 8
0.0065 0.0005 12 4 0 0 3 2 371904 46.0247 95103.7 8
0.007 0.0005 11 4 0 0 3 2 371904 49.4294 96077 8
0.0075 0.0005 11 4 0 0 3 2 371904 52.5167 97510.6 8
0.008 0.0005 10 5 0 0 3 2 371904 56.0415 98013.6 8
0.0085 0.0005 9 6 0 0 3 2 381760 59.5445 98658.9 8
0.009 0.0005 9 5 0 0 3 2 396096 63.0146 99511.7 8
0.0095 0.0005 10 5 0 0 3 2 404384 66.7541 99994.9 8
0.01 0.0005 9 4 0 0 3 2 413890 70.3479 100770 8
0.0105 0.0005 10 5 0 0 3 2 421184 74.8606 100322 8
0.011 0.0005 10 5 0 0 3 2 427288 78.8016 100727 8
0.0115 0.0005 10 5 0 0 3 2 431768 82.7415 101149 8
0.012 0.0005 10 5 0 0 3 2 439132 86.6946 101602 8
0.0124286 0.000428571 9 5 0 0 3 2 442688 90.5962 102113 8
0.0128571 0.000428571 10 5 0 0 3 2 447938 94.6903 102428 8
0.0132857 0.000428571 10 5 0 0 3 2 458795 98.8499 102759 8
0.0137143 0.000428571 10 4 0 0 3 2 459264 102.855 103223 8
0.0141429 0.000428571 12 4 0 0 3 2 461952 106.821 103716 8
0.0145714 0.000428571 12 4 0 0 3 2 466432 110.839 104164 8
0.015 0.000428571 10 4 0 0 3 2 470912 114.656 104803 8
0.0154545 0.000454545 10 5 0 0 3 2 473600 119.596 104434 8
0.0159091 0.000454545 9 6 0 0 3 2 480768 123.835 104742 8
0.0163636 0.000454545 10 5 0 0 3 2 479872 128.301 104836 8
0.0168182 0.000454545 10 5 0 0 3 2 485402 132.481 105192 8
0.0172727 0.000454545 10 5 0 0 3 2 488832 136.698 105523 8
0.0177273 0.000454545 10 5 0 0 3 2 494208 140.997 105811 8
0.0181818 0.000454545 10 6 0 0 3 2 494208 145.417 105993 8
0.0185455 0.000363636 9 6 0 0 3 2 500480 149.79 106240 8
0.0189091 0.000363636 9 6 0 0 3 2 505856 154.312 106405 8
0.0192727 0.000363636 9 6 0 0 3 2 505408 158.881 106526 8
0.0196364 0.000363636 9 5 0 0 3 2 508544 163.274 106774 8
0.02 0.000363636 10 5 0 0 3 2 511232 167.69 107011 8
0.0204167 0.000416667 9 6 0 0 3 2 516608 173.053 106681 8
0.0208333 0.000416667 8 6 0 0 3 2 515264 177.579 106863 8
0.02125 0.000416667 9 6 0 0 3 2 522880 182.206 107019 8
0.0216667 0.000416667 10 6 0 0 3 2 524672 186.777 107209 8
0.0220833 0.000416667 11 4 0 0 3 2 529152 191.374 107399 8
0.0225 0.000416667 13 4 0 0 3 2 538112 196.363 107411 8
0.0229167 0.000416667 12 5 0 0 3 2 538112 200.957 107632 8
0.0233333 0.000416667 11 4 0 0 3 2 540576 205.76 107748 8
0.02375 0.000416667 12 4 0 0 3 2 544832 210.514 107902 8
0.0241667 0.000416667 11 4 0 0 3 2 545728 215.258 108059 8
0.0244444 0.000277778 14 3 0 0 3 2 545728 219.838 108291 8
0.0247222 0.000277778 14 3 0 0 3 2 551104 224.695 108402 8
0.025 0.000277778 12 4 0 0 3 2 552896 229.278 108647 8
0.0253846 0.000384615 12 4 0 0 3 2 553344 234.895 108405 8
0.0257692 0.000384615 13 4 0 0 3 2 558720 239.869 108486 8
0.0261538 0.000384615 13 4 0 0 3 2 558734 244.985 108501 8
0.0265385 0.000384615 12 4 0 0 3 2 561408 249.875 108625 8
0.0269231 0.000384615 12 4 0 0 3 2 568023 254.857 108730 8
0.0273077 0.000384615 12 4 0 0 3 2 572160 259.985 108786 8
0.0276923 0.000384615 11 4 0 0 3 2 578432 264.888 108956 8
0.0280769 0.000384615 12 4 0 0 3 2 582912 270.241 108955 8
0.0284615 0.000384615 11 4 0 0 3 2 584256 275.128 109143 8
0.0288462 0.000384615 11 4 0 0 3 2 588288 280.037 109331 8
0.0292308 0.000384615 14 4 0 0 3 2 589184 285.728 109215 8
0.0296154 0.000384615 12 5 0 0 3 2 590080 291.231 109178 8
0.03 0.000384615 11 5 0 0 3 2 595456 296.621 109201 8
0.0303571 0.000357143 11 5 0 0 3 2 594210 302.798 108936 8
0.0307143 0.000357143 11 4 0 0 3 2 594560 307.8 109097 8
0.0310714 0.000357143 12 4 0 0 3 2 598144 312.979 109203 8
0.0314286 0.000357143 11 5 0 0 3 2 599936 318.391 109231 8
0.0317857 0.000357143 10 5 0 0 3 2 603520 323.842 109256 8
0.0321429 0.000357143 12 5 0 0 3 2 605312 329.451 109234 8
0.0325 0.000357143 13 4 0 0 3 2 608546 335.028 109232 8
0.0328571 0.000357143 12 4 0 0 3 2 607104 340.39 109294 8
0.0332143 0.000357143 12 4 0 0 3 2 609575 345.611 109407 8
0.0335714 0.000357143 13 4 0 0 3 2 613152 351.211 109408 8
0.0339286 0.000357143 13 4 0 0 3 2 619872 356.806 109430 8
0.0342857 0.000357143 12 4 0 0 3 2 629056 362.225 109530 8
0.0346429 0.000357143 13 4 0 0 3 2 636672 367.893 109573 8
0.035 0.000357143 15 3 0 0 3 2 642944 373.616 109615 8
0.0353571 0.000357143 14 4 0 0 3 2 646528 380.473 109339 8
0.0357143 0.000357143 14 4 0 0 3 2 644393 386.701 109244 8
0.0360714 0.000357143 16 3 0 0 3 2 644393 392.592 109246 8
0.0363988 0.000327381 15 3 0 0 3 2 644456 398.613 109213 8
0.0367262 0.000327381 15 3 0 0 3 2 643952 404.763 109145 8
0.0370536 0.000327381 16 3 0 0 3 2 653962 411.2 109026 8
0.037381 0.000327381 15 3 0 0 3 2 660514 417.222 109036 8
0.0377083 0.000327381 15 3 0 0 3 2 666863 423.434 109011 8
0.0380357 0.000327381 16 3 0 0 3 2 669061 429.637 108995 8
0.0383631 0.000327381 21 2 0 0 3 2 672652 436.391 108849 8
0.0386905 0.000327381 15 3 0 0 3 2 679372 442.528 108875 8
0.0390179 0.000327381 15 3 0 0 3 2 675823 448.956 108821 8
0.0393452 0.000327381 16 3 0 0 3 2 670412 455.471 108736 8
0.0396726 0.000327381 16 3 0 0 3 2 672204 461.914 108675 8
0.04 0.000327381 22 2 0 0 3 2 673100 468.942 108482 8
0.0403333 0.000333333 17 3 0 0 3 2 676824 476.478 108187 8
0.0406667 0.000333333 22 2 0 0 3 2 683705 483.486 108033 8
0.041 0.000333333 20 2 0 0 3 2 687254 490.278 107938 8
0.0413333 0.000333333 20 2 0 0 3 2 690320 496.933 107881 8
0.0416667 0.000333333 22 2 0 0 3 2 694702 504.009 107745 8
0.042 0.000333333 24 2 0 0 3 2 698727 511.638 107504 8
0.0423 0.0003 15 3 0 0 3 2 700820 518.132 107509 8
0.0426 0.0003 14 3 0 0 3 2 700309 524.327 107575 8
0.0429 0.0003 19 2 0 0 3 2 699630 530.81 107579 8
0.0432 0.0003 15 3 0 0 3 2 700449 537.205 107602 8
0.0435 0.0003 20 2 0 0 3 2 701310 543.92 107563 8
0.0438 0.0003 16 3 0 0 3 2 704908 550.457 107566 8
0.0441 0.0003 21 2 0 0 3 2 711544 557.424 107498 8
0.0444 0.0003 15 3 0 0 3 2 718012 563.982 107522 8
0.0447 0.0003 16 3 0 0 3 2 718600 570.921 107473 8
0.045 0.0003 21 2 0 0 3 2 724032 578.377 107340 8
0.0453125 0.0003125 21 2 0 0 3 2 730752 586.37 107123 8
0.045625 0.0003125 16 3 0 0 3 2 730752 593.182 107124 8
0.0459375 0.0003125 16 3 0 0 3 2 732096 600.219 107088 8
0.04625 0.0003125 15 3 0 0 3 2 736128 607.052 107096 8
0.0465625 0.0003125 15 3 0 0 3 2 739712 613.827 107119 8
0.046875 0.0003125 16 3 0 0 3 2 743296 620.733 107124 8
0.0471875 0.0003125 16 3 0 0 3 2 748371 627.923 107089 8
0.0475 0.0003125 15 3 0 0 3 2 758143 634.944 107099 8
0.0478125 0.0003125 15 3 0 0 3 2 765696 641.959 107122 8
0.048125 0.0003125 16 3 0 0 3 2 770092 649.399 107080 8
0.0484375 0.0003125 15 3 0 0 3 2 773760 656.745 107061 8
0.04875 0.0003125 14 3 0 0 3 2 771709 663.505 107133 8
0.0490625 0.0003125 14 3 0 0 3 2 770456 670.498 107165 8
0.049375 0.0003125 15 3 0 0 3 2 770176 677.587 107180 8
0.0495833 0.000208333 14 3 0 0 3 2 776133 684.537 107226 8
0.0497917 0.000208333 18 2 0 0 3 2 780032 691.878 107216 8
0.05 0.000208333 19 2 0 0 3 2 781824 699.299 107196 8
0.0502941 0.000294118 22 2 0 0 3 2 782139 707.785 107016 8
0.0505882 0.000294118 21 2 0 0 3 2 786626 715.344 106985 8
0.0508824 0.000294118 15 3 0 0 3 2 794830 722.305 107054 8
0.0511765 0.000294118 15 3 0 0 3 2 794830 729.346 107110 8
0.0514706 0.000294118 21 2 0 0 3 2 799016 737.021 107079 8
0.0517647 0.000294118 16 3 0 0 3 2 801984 744.368 107099 8
0.0520588 0.000294118 14 3 0 0 3 2 807360 751.262 107191 8
0.0523529 0.000294118 14 3 0 0 3 2 808249 758.129 107286 8
0.0526471 0.000294118 16 3 0 0 3 2 809789 765.975 107245 8
0.0529412 0.000294118 21 2 0 0 3 2 814528 774.255 107150 8
0.0532353 0.000294118 22 2 0 0 3 2 818280 782.128 107118 8
0.0535294 0.000294118 21 2 0 0 3 2 824622 790.169 107071 8
0.0538235 0.000294118 22 2 0 0 3 2 830894 798.341 107016 8
0.0541176 0.000294118 22 2 0 0 3 2 835934 806.849 106923 8
0.0544118 0.000294118 23 2 0 0 3 2 841716 815.698 106795 8
0.0547059 0.000294118 21 2 0 0 3 2 843872 823.627 106792 8
0.055 0.000294118 20 2 0 0 3 2 848429 831.225 106836 8
0.0552941 0.000294118 21 2 0 0 3 2 848653 840.194 106706 8
0.0555882 0.000294118 16 3 0 0 3 2 855492 848.083 106722 8
0.0558824 0.000294118 23 2 0 0 3 2 853931 856.904 106620 8
0.0561765 0.000294118 24 2 0 0 3 2 857970 865.896 106504 8
0.0564706 0.000294118 20 2 0 0 3 2 863227 874.016 106502 8
0.0567647 0.000294118 22 2 0 0 3 2 865712 882.503 106459 8
0.0570588 0.000294118 23 2 0 0 3 2 866062 891.257 106385 8
0.0573262 0.00026738 23 2 0 0 3 2 872754 900.13 106306 8
0.0575936 0.00026738 20 2 0 0 3 2 870962 908.261 106313 8
0.057861 0.00026738 19 2 0 0 3 2 872803 916.203 106344 8
0.0581283 0.00026738 20 2 0 0 3 2 876177 924.501 106337 8
0.0583957 0.00026738 15 3 0 0 3 2 878753 932.649 106350 8
0.0586631 0.00026738 20 2 0 0 3 2 883394 941.2 106323 8
0.0589305 0.00026738 22 2 0 0 3 2 886110 949.579 106318 8
0.0591979 0.00026738 20 2 0 0 3 2 891696 958.042 106309 8
0.0594652 0.00026738 23 2 0 0 3 2 898276 967.301 106220 8
0.0597326 0.00026738 18 3 0 0 3 2 900467 975.937 106203 8
0.06 0.00026738 24 2 0 0 3 2 902035 985.281 106111 8
0.0602778 0.000277778 23 2 0 0 3 2 900586 995.076 105972 8
0.0605556 0.000277778 23 2 0 0 3 2 901482 1004.08 105920 8
0.0608333 0.000277778 21 2 0 0 3 2 905234 1012.63 105919 8
0.0611111 0.000277778 15 3 0 0 3 2 907033 1020.74 105966 8
0.0613889 0.000277778 23 2 0 0 3 2 909462 1030.19 105877 8
0.0616667 0.000277778 25 2 0 0 3 2 912199 1040.06 105749 8
0.0619444 0.000277778 21 2 0 0 3 2 915153 1048.83 105738 8
0.0622222 0.000277778 25 2 0 0 3 2 921432 1058.43 105649 8
0.0625 0.000277778 19 3 0 0 3 2 924092 1067.73 105594 8
0.0627778 0.000277778 27 2 0 0 3 2 924540 1077.88 105457 8
0.0630556 0.000277778 26 2 0 0 3 2 925436 1087.57 105369 8
0.0633333 0.000277778 21 2 0 0 3 2 926332 1096.22 105382 8
0.0636111 0.000277778 23 2 0 0 3 2 924988 1105.27 105357 8
0.0638889 0.000277778 22 2 0 0 3 2 938386 1114.46 105330 8
0.0641667 0.000277778 20 3 0 0 3 2 933472 1123.93 105273 8
0.0644444 0.000277778 19 3 0 0 3 2 924421 1133.37 105212 8
0.0646296 0.000185185 17 3 0 0 2 2 932429 1142 105233 8
0.0648148 0.000185185 18 3 0 0 2 2 933675 1150.59 105259 8
0.065 0.000185185 15 4 0 0 2 2 937161 1158.9 105313 8
0.0652632 0.000263158 20 3 0 0 3 2 934473 1169.29 105177 8
0.0655263 0.000263158 20 3 0 0 3 2 933619 1179.19 105085 8
0.0657895 0.000263158 18 3 0 0 3 2 935852 1188.29 105068 8
0.0660526 0.000263158 17 3 0 0 3 2 928929 1197.27 105055 8
0.0663158 0.000263158 18 3 0 0 3 2 930616 1206.37 105035 8
0.0665789 0.000263158 18 3 0 0 3 2 925534 1215.22 105032 8
0.0668421 0.000263158 16 4 0 0 3 2 927375 1224.27 105012 8
0.0671053 0.000263158 18 3 0 0 3 2 937483 1233.43 104993 8
0.0673684 0.000263158 18 3 0 0 3 2 934480 1242.39 104987 8
0.0676316 0.000263158 18 3 0 0 3 2 936118 1251.27 104991 8
0.0678947 0.000263158 26 2 0 0 3 2 936846 1260.94 104928 8
0.0681579 0.000263158 25 2 0 0 3 2 932485 1270.56 104868 8
0.0684211 0.000263158 21 2 0 0 3 2 936041 1279.12 104897 8
0.0686842 0.000263158 18 3 0 0 3 2 939758 1287.98 104905 8
0.0689474 0.000263158 16 3 0 0 3 2 942278 1296.27 104962 8
0.0692105 0.000263158 19 3 0 0 3 2 950342 1305.46 104951 8
0.0694737 0.000263158 18 3 0 0 3 2 952771 1314.09 104987 8
0.0697368 0.000263158 17 3 0 0 3 2 958112 1322.48 105045 8
0.07 0.000263158 15 4 0 0 3 2 959750 1331.16 105082 8
0.0702632 0.000263158 19 3 0 0 3 2 959729 1340.98 105027 8
0.0705263 0.000263158 19 3 0 0 3 2 959729 1350.09 105029 8
0.0707895 0.000263158 17 3 0 0 3 2 965105 1358.64 105079 8
0.0710526 0.000263158 15 3 0 0 3 2 965056 1366.9 105150 8
0.0713158 0.000263158 16 3 0 0 3 2 966848 1375.24 105215 8
0.0715789 0.000263158 26 2 0 0 3 2 969536 1385.05 105170 8
0.0718421 0.000263158 26 2 0 0 3 2 970544 1394.88 105125 8
0.072085 0.000242915 26 2 0 0 3 2 976368 1404.82 105076 8
0.0723279 0.000242915 15 3 0 0 3 2 978237 1412.87 105170 8
0.0725709 0.000242915 19 3 0 0 3 2 983536 1422.3 105164 8
0.0728138 0.000242915 26 2 0 0 3 2 983536 1431.52 105174 8
0.0730567 0.000242915 24 2 0 0 3 2 985762 1441.3 105144 8
0.0732996 0.000242915 25 2 0 0 3 2 990543 1451.11 105115 8
0.0735425 0.000242915 17 3 0 0 3 2 993329 1459.95 105160 8
0.0737854 0.000242915 19 3 0 0 3 2 1003073 1469.39 105166 8
0.0740283 0.000242915 19 3 0 0 3 2 1005460 1479.06 105159 8
0.0742713 0.000242915 18 3 0 0 3 2 1014784 1488.36 105184 8
0.0745142 0.000242915 18 3 0 0 3 2 1016576 1497.67 105208 8
0.0747571 0.000242915 19 3 0 0 3 2 1018368 1507 105233 8
0.075 0.000242915 20 3 0 0 3 2 1020384 1516.81 105225 8
0.07525 0.00025 27 2 0 0 3 2 1021280 1528.02 105121 8
0.0755 0.00025 26 2 0 0 3 2 1025011 1538.09 105100 8
0.07575 0.00025 18 3 0 0 3 2 1028448 1547.26 105141 8
0.076 0.00025 26 2 0 0 3 2 1030240 1557.6 105105 8
0.07625 0.00025 25 2 0 0 3 2 1034720 1567.96 105070 8
0.0765 0.00025 21 3 0 0 3 2 1036330 1578.25 105042 8
0.07675 0.00025 17 3 0 0 3 2 1040992 1587.36 105095 8
0.077 0.00025 16 3 0 0 3 2 1043232 1596.33 105158 8
0.07725 0.00025 16 4 0 0 3 2 1049280 1606.06 105174 8
0.0775 0.00025 20 3 0 0 3 2 1048349 1616.61 105136 8
0.07775 0.00025 22 2 0 0 3 2 1052241 1626.57 105139 8
0.078 0.00025 20 3 0 0 3 2 1052864 1636.74 105129 8
0.07825 0.00025 18 3 0 0 3 2 1056448 1646.57 105144 8
0.0785 0.00025 28 2 0 0 3 2 1068096 1657.79 105076 8
0.07875 0.00025 21 3 0 0 3 2 1074816 1668.17 105066 8
0.079 0.00025 20 3 0 0 3 2 1078400 1678.69 105050 8
0.07925 0.00025 19 3 0 0 3 2 1081984 1689.04 105047 8
0.0795 0.00025 16 4 0 0 3 2 1081312 1698.96 105070 8
0.07975 0.00025 28 2 0 0 3 2 1084000 1710.35 105004 8
0.079875 0.000125 23 2 0 0 2 2 1086688 1720.04 105045 8
0.08 0.000125 17 2 0 0 2 2 1088480 1728.22 105177 8
0.0802381 0.000238095 19 3 0 0 3 2 1091168 1739.47 105124 8
0.0804762 0.000238095 18 3 0 0 3 2 1092960 1749.39 105153 8
0.0807143 0.000238095 20 3 0 0 3 2 1094731 1760.16 105132 8
0.0809524 0.000238095 20 3 0 0 3 2 1097027 1770.72 105124 8
0.0811905 0.000238095 19 3 0 0 3 2 1104608 1781.16 105128 8
0.0814286 0.000238095 20 3 0 0 3 2 1109984 1791.82 105122 8
0.0816667 0.000238095 19 3 0 0 3 2 1110061 1802.54 105113 8
0.0819048 0.000238095 29 2 0 0 3 2 1109088 1814.73 105018 8
0.0821429 0.000238095 27 2 0 0 3 2 1110376 1826.2 104966 8
0.082381 0.000238095 20 3 0 0 3 2 1113568 1836.76 104969 8
0.082619 0.000238095 16 3 0 0 3 2 1119504 1846.26 105035 8
0.0828571 0.000238095 19 3 0 0 3 2 1119952 1856.8 105042 8
0.0830952 0.000238095 29 2 0 0 3 2 1130704 1869.12 104955 8
0.0833333 0.000238095 30 2 0 0 3 2 1140784 1882.06 104840 8
0.0835714 0.000238095 28 2 0 0 3 2 1144592 1894.17 104773 8
0.0838095 0.000238095 20 3 0 0 3 2 1144830 1905.19 104769 8
0.0840476 0.000238095 21 3 0 0 3 2 1149184 1916.55 104747 8
0.0842857 0.000238095 21 3 0 0 3 2 1147525 1927.9 104725 8
0.0845238 0.000238095 29 2 0 0 3 2 1147448 1940.14 104656 8
0.0847619 0.000238095 23 2 0 0 3 2 1153272 1950.84 104673 8
0.085 0.000238095 26 2 0 0 3 2 1154168 1962.21 104655 8
0.0852381 0.000238095 27 2 0 0 3 2 1157507 1974.78 104575 8
0.0854762 0.000238095 30 2 0 0 3 2 1161280 1987.58 104486 8
0.0857143 0.000238095 26 2 0 0 3 2 1170240 1999.14 104467 8
0.0859524 0.000238095 23 2 0 0 3 2 1171584 2010.15 104478 8
0.0861905 0.000238095 23 2 0 0 3 2 1174503 2021.1 104493 8
0.0864286 0.000238095 20 3 0 0 3 2 1177856 2032.33 104495 8
0.0866667 0.000238095 27 2 0 0 3 2 1181496 2044.4 104456 8
0.0869048 0.000238095 27 2 0 0 3 2 1189385 2056.42 104424 8
0.0871429 0.000238095 26 2 0 0 3 2 1188608 2068.16 104406 8
0.087381 0.000238095 22 2 0 0 3 2 1197848 2079.1 104432 8
0.087619 0.000238095 29 2 0 0 3 2 1203448 2091.85 104371 8
0.0878355 0.00021645 25 2 0 0 3 2 1207424 2103.38 104373 8
0.0880519 0.00021645 26 2 0 0 3 2 1208208 2115.16 104363 8
0.0882684 0.00021645 20 2 0 0 3 2 1208264 2125.47 104426 8
0.0884848 0.00021645 27 2 0 0 3 2 1217035 2137.75 104395 8
0.0887013 0.00021645 25 2 0 0 3 2 1215530 2149.58 104386 8
0.0889177 0.00021645 23 2 0 0 3 2 1221760 2160.71 104414 8
0.0891342 0.00021645 19 3 0 0 3 2 1221760 2170.98 104482 8
0.0893506 0.00021645 17 3 0 0 3 2 1225344 2181.58 104536 8
0.0895671 0.00021645 16 3 0 0 3 2 1233030 2191.78 104612 8
0.0897835 0.00021645 21 2 0 0 3 2 1234878 2202.71 104654 8
0.09 0.00021645 18 3 0 0 3 2 1236768 2213.86 104685 8
0.0902273 0.000227273 18 3 0 0 3 2 1238427 2225.46 104696 8
0.0904545 0.000227273 28 2 0 0 3 2 1240352 2238.92 104621 8
0.0906818 0.000227273 26 2 0 0 3 2 1245539 2251.15 104606 8
0.0909091 0.000227273 19 3 0 0 3 2 1251979 2262.66 104627 8
0.0911364 0.000227273 20 3 0 0 3 2 1259679 2274.81 104622 8
0.0913636 0.000227273 20 3 0 0 3 2 1265384 2286.75 104629 8
0.0915909 0.000227273 17 3 0 0 3 2 1271187 2297.88 104675 8
0.0918182 0.000227273 19 3 0 0 3 2 1274001 2309.64 104694 8
0.0920455 0.000227273 16 4 0 0 3 2 1277739 2321.23 104722 8
0.0922727 0.000227273 15 4 0 0 3 2 1280609 2332.51 104765 8
0.0925 0.000227273 16 4 0 0 3 2 1285397 2344.29 104786 8
0.0927273 0.000227273 19 3 0 0 3 2 1291606 2356.3 104800 8
0.0929339 0.000206612 19 3 0 0 2 2 1299236 2367.46 104855 8
0.0931405 0.000206612 29 2 0 0 2 2 1301931 2380.4 104832 8
0.0933471 0.000206612 29 2 0 0 2 2 1303723 2393.33 104810 8
0.0935537 0.000206612 23 2 0 0 2 2 1310688 2404.85 104853 8
0.0937603 0.000206612 27 2 0 0 2 2 1312683 2417.31 104856 8
0.0939669 0.000206612 27 2 0 0 2 2 1318059 2429.82 104859 8
0.0941736 0.000206612 22 2 0 0 2 2 1318241 2440.91 104922 8
0.0943802 0.000206612 22 2 0 0 2 2 1320544 2451.94 104989 8
0.0945868 0.000206612 30 2 0 0 2 2 1324240 2465.44 104951 8
0.0947934 0.000206612 26 2 0 0 2 2 1330400 2477.77 104966 8
0.095 0.000206612 19 3 0 0 2 2 1336434 2489.23 105019 8
0.0952174 0.000217391 27 2 0 0 3 2 1344288 2503.32 104965 8
0.0954348 0.000217391 20 3 0 0 3 2 1352856 2515.79 104983 8
0.0956522 0.000217391 18 3 0 0 3 2 1363062 2527.82 105022 8
0.0958592 0.000207039 20 3 0 0 2 2 1362656 2540.32 105042 8
0.0960663 0.000207039 20 3 0 0 2 2 1359296 2552.1 105090 8
0.0962733 0.000207039 19 3 0 0 2 2 1361970 2564.09 105129 8
0.0964803 0.000207039 21 3 0 0 2 2 1363776 2576.55 105150 8
0.0966874 0.000207039 20 3 0 0 2 2 1369152 2588.82 105181 8
0.0968944 0.000207039 20 3 0 0 2 2 1373639 2600.77 105226 8
0.0971014 0.000207039 28 2 0 0 3 2 1373632 2614.73 105189 8
0.0973085 0.000207039 21 3 0 0 3 2 1375473 2627.71 105193 8
0.0975155 0.000207039 21 3 0 0 2 2 1380352 2640.44 105209 8
0.0977226 0.000207039 22 3 0 0 2 2 1388640 2653.36 105220 8
0.0979296 0.000207039 21 3 0 0 3 2 1385014 2666.48 105221 8
0.0981366 0.000207039 29 2 0 0 2 2 1389235 2680.2 105201 8
0.0983437 0.000207039 30 2 0 0 2 2 1390747 2694.11 105174 8
0.0985507 0.000207039 32 2 0 0 2 2 1388647 2708.09 105144 8
0.0987578 0.000207039 28 2 0 0 2 2 1394912 2720.87 105163 8
0.0989352 0.000177462 21 3 0 0 2 2 1400288 2732.88 105213 8
0.0991127 0.000177462 28 2 0 0 2 2 1403872 2745.9 105226 8
0.0992902 0.000177462 22 3 0 0 2 2 1404026 2758.46 105255 8
0.0994676 0.000177462 23 3 0 0 2 2 1409031 2771.42 105272 8
0.0996451 0.000177462 23 3 0 0 2 2 1414337 2784.63 105280 8
0.0998225 0.000177462 23 3 0 0 2 2 1418348 2797.65 105297 8
0.1 0.000177462 17 4 0 0 2 2 1424025 2809.62 105355 8
0.1002 0.0002 16 4 0 0 2 2 1429184 2822.11 105396 8
0.1004 0.0002 23 3 0 0 2 2 1430304 2835.65 105396 8
0.1006 0.0002 23 3 0 0 2 2 1430430 2848.99 105405 8
0.100791 0.000191304 23 3 0 0 2 2 1432635 2862.39 105412 8
0.100983 0.000191304 22 3 0 0 2 2 1435232 2875.32 105437 8
0.101174 0.000191304 26 2 0 0 2 2 1443709 2888.32 105463 8
0.101365 0.000191304 32 2 0 0 2 2 1443828 2903.51 105408 8
0.101557 0.000191304 34 2 0 0 2 2 1444640 2922.25 105226 8
0.101748 0.000191304 24 3 0 0 2 2 1448231 2936.54 105208 8
0.101939 0.000191304 23 3 0 0 2 2 1450016 2950.03 105218 8
0.10213 0.000191304 23 3 0 0 2 2 1449120 2963.19 105240 8
0.102322 0.000191304 33 2 0 0 2 2 1449946 2978.57 105183 8
0.102513 0.000191304 31 2 0 0 2 2 1456736 2993.33 105151 8
0.102704 0.000191304 22 3 0 0 2 2 1459648 3007.33 105147 8
0.102896 0.000191304 22 3 0 0 2 2 1460992 3021.44 105140 8
0.103087 0.000191304 23 3 0 0 2 2 1460992 3034.54 105167 8
0.103261 0.000173913 32 2 0 0 2 2 1471744 3050.12 105112 8
0.103435 0.000173913 32 2 0 0 2 2 1481824 3065.48 105069 8
0.103609 0.000173913 21 3 0 0 2 2 1485408 3078.94 105092 8
0.103783 0.000173913 17 4 0 0 2 2 1488040 3091.8 105136 8
0.103957 0.000173913 15 4 0 0 2 2 1490784 3104.08 105201 8
0.10413 0.000173913 18 4 0 0 2 2 1493696 3118.06 105208 8
0.104304 0.000173913 23 3 0 0 2 2 1494298 3132.6 105197 8
0.104478 0.000173913 19 3 0 0 2 2 1502656 3145.45 105245 8
0.104652 0.000173913 18 4 0 0 2 2 1502656 3158.04 105301 8
0.104826 0.000173913 14 4 0 0 2 2 1506240 3169.98 105380 8
0.105 0.000173913 16 4 0 0 2 2 1504448 3182.74 105430 8
0.105179 0.000178571 16 4 0 0 2 2 1513408 3196.73 105442 8
0.105357 0.000178571 20 3 0 0 2 2 1516320 3210.02 105478 8
0.105536 0.000178571 19 4 0 0 2 2 1515648 3224.53 105473 8
0.105714 0.000178571 19 4 0 0 2 2 1516096 3238.97 105471 8
0.105893 0.000178571 18 4 0 0 2 2 1519008 3252.85 105488 8
0.106071 0.000178571 19 4 0 0 2 2 1518560 3267.36 105484 8
0.10625 0.000178571 20 3 0 0 2 2 1519176 3281.18 105503 8
0.106429 0.000178571 21 3 0 0 2 2 1518406 3295.47 105506 8
0.106607 0.000178571 22 3 0 0 2 2 1523782 3309.92 105506 8
0.106777 0.000169643 22 3 0 0 2 2 1527366 3324.17 105513 8
0.106946 0.000169643 35 2 0 0 2 2 1533638 3341.52 105424 8
0.107116 0.000169643 24 3 0 0 2 2 1541702 3356.63 105409 8
0.107286 0.000169643 24 3 0 0 2 2 1545510 3371.85 105391 8
0.107455 0.000169643 20 4 0 0 2 2 1549094 3386.7 105387 8
0.107625 0.000169643 18 4 0 0 2 2 1551782 3400.92 105402 8
0.107795 0.000169643 19 4 0 0 2 2 1550928 3415.73 105399 8
0.107964 0.000169643 19 4 0 0 2 2 1550585 3430.47 105399 8
0.108134 0.000169643 14 4 0 0 2 2 1557844 3442.69 105477 8
0.108304 0.000169643 17 4 0 0 2 2 1561428 3456.21 105516 8
0.108473 0.000169643 18 4 0 0 2 2 1562457 3470.39 105535 8
0.108643 0.000169643 22 3 0 0 2 2 1565460 3484.87 105546 8
0.108813 0.000169643 23 3 0 0 2 2 1569926 3499.91 105541 8
0.108982 0.000169643 22 3 0 0 2 2 1569016 3514.6 105546 8
0.109152 0.000169643 20 4 0 0 2 2 1576597 3530.14 105528 8
0.109321 0.000169643 20 4 0 0 2 2 1574420 3545.62 105512 8
0.109491 0.000169643 19 4 0 0 2 2 1577766 3560.52 105513 8
0.109661 0.000169643 19 4 0 0 2 2 1579810 3575.63 105509 8
0.10983 0.000169643 19 4 0 0 2 2 1586292 3590.72 105507 8
0.11 0.000169643 13 4 0 0 2 2 1584514 3602.75 105595 8
0.110167 0.000166667 12 4 0 0 2 2 1590758 3615.26 105670 8
0.110333 0.000166667 12 4 0 0 2 2 1588084 3626.54 105779 8
0.1105 0.000166667 18 4 0 0 2 2 1593908 3640.85 105801 8
0.110667 0.000166667 19 4 0 0 2 2 1596309 3655.5 105814 8
0.110833 0.000166667 22 3 0 0 2 2 1610876 3670.06 105833 8
0.111 0.000166667 19 4 0 0 2 2 1610582 3685.3 105832 8
0.111167 0.000166667 19 4 0 0 2 2 1608972 3700.64 105828 8
0.111333 0.000166667 15 4 0 0 2 2 1613571 3713.59 105894 8
0.1115 0.000166667 19 4 0 0 2 2 1617645 3729.02 105889 8
0.111667 0.000166667 19 4 0 0 2 2 1624792 3744.33 105890 8
0.111833 0.000166667 17 4 0 0 2 2 1625520 3758.68 105918 8
0.112 0.000166667 13 4 0 0 2 2 1626290 3771.15 105999 8
0.112167 0.000166667 16 4 0 0 2 2 1635544 3785.19 106038 8
0.112333 0.000166667 20 4 0 0 2 2 1638939 3801.32 106020 8
0.1125 0.000166667 20 4 0 0 2 2 1639786 3817.59 105997 8
0.112667 0.000166667 22 3 0 0 2 2 1639653 3832.87 106002 8
0.112833 0.000166667 20 4 0 0 2 2 1644056 3848.26 106006 8
0.113 0.000166667 20 4 0 0 2 2 1642698 3864.55 105984 8
0.113167 0.000166667 24 3 0 0 2 2 1647969 3881.04 105958 8
0.113333 0.000166667 25 3 0 0 2 2 1648417 3898.02 105920 8
0.1135 0.000166667 25 3 0 0 2 2 1648627 3915.11 105878 8
0.113667 0.000166667 23 3 0 0 2 2 1649859 3931.26 105863 8
0.113833 0.000166667 19 4 0 0 2 2 1655438 3946.98 105861 8
0.114 0.000166667 17 4 0 0 2 2 1660219 3961.74 105885 8
0.114167 0.000166667 26 3 0 0 2 2 1665812 3979.38 105835 8
0.114333 0.000166667 37 2 0 0 2 2 1675787 3999.02 105734 8
0.1145 0.000166667 26 3 0 0 2 2 1679567 4016.58 105690 8
0.114667 0.000166667 22 4 0 0 2 2 1683718 4033.93 105653 8
0.114833 0.000166667 21 4 0 0 2 2 1685062 4050.63 105633 8
0.115 0.000166667 26 3 0 0 2 2 1685881 4067.85 105600 8
0.115167 0.000166667 37 2 0 0 2 2 1684978 4088.2 105487 8
0.115333 0.000166667 23 3 0 0 2 2 1688093 4104.19 105487 8
0.1155 0.000166667 25 3 0 0 2 2 1685097 4121.14 105462 8
0.115667 0.000166667 20 4 0 0 2 2 1686959 4137.38 105456 8
0.115833 0.000166667 17 4 0 0 2 2 1691719 4152.3 105484 8
0.116 0.000166667 18 4 0 0 2 2 1697354 4167.65 105503 8
0.116167 0.000166667 18 4 0 0 2 2 1706762 4183.16 105520 8
0.116333 0.000166667 20 4 0 0 2 2 1707329 4199.88 105507 8
0.1165 0.000166667 18 5 0 0 2 2 1706314 4216.75 105489 8
0.116667 0.000166667 16 5 0 0 2 2 1712173 4232.56 105500 8
0.116833 0.000166667 15 4 0 0 2 2 1714406 4246.66 105553 8
0.117 0.000166667 16 4 0 0 2 2 1719138 4261.55 105588 8
0.117167 0.000166667 17 4 0 0 2 2 1718207 4276.71 105615 8
0.117333 0.000166667 16 4 0 0 2 2 1719229 4290.98 105664 8
0.1175 0.000166667 13 4 0 0 2 2 1719782 4303.96 105746 8
0.117667 0.000166667 18 4 0 0 2 2 1724374 4319.15 105773 8
0.117833 0.000166667 23 3 0 0 2 2 1733012 4335.44 105775 8
0.118 0.000166667 18 3 0 0 2 2 1734832 4349.27 105838 8
0.118167 0.000166667 16 4 0 0 2 2 1743540 4363.49 105892 8
0.118333 0.000166667 17 4 0 0 2 2 1745395 4377.94 105941 8
0.1185 0.000166667 22 3 0 0 2 2 1749210 4393.62 105962 8
0.118667 0.000166667 24 3 0 0 2 2 1752682 4410.17 105961 8
0.118833 0.000166667 22 3 0 0 2 2 1759570 4425.69 105987 8
0.119 0.000166667 19 3 0 0 2 2 1760494 4439.82 106047 8
0.119167 0.000166667 20 3 0 0 2 2 1762951 4455.16 106077 8
0.119333 0.000166667 20 3 0 0 2 2 1762055 4470.6 106105 8
0.1195 0.000166667 33 2 0 0 2 2 1765429 4489.2 106058 8
0.119667 0.000166667 31 2 0 0 2 2 1767816 4506.56 106042 8
0.119833 0.000166667 16 3 0 0 2 2 1764428 4519.94 106119 8
0.12 0.000166667 22 3 0 0 2 2 1763469 4535.33 106147 8
0.120167 0.000166667 15 3 0 0 2 2 1763532 4548.72 106223 8
0.120333 0.000166667 24 3 0 0 2 2 1765184 4565.01 106230 8
0.1205 0.000166667 34 2 0 0 2 2 1771015 4583.05 106198 8
0.120667 0.000166667 23 2 0 0 2 2 1772492 4597.25 106256 8
0.120833 0.000166667 23 3 0 0 2 2 1777420 4612.96 106279 8
0.121 0.000166667 22 3 0 0 2 2 1779849 4628.59 106305 8
0.121167 0.000166667 25 3 0 0 2 2 1784000 4645.66 106298 8
0.121333 0.000166667 36 2 0 0 2 2 1790454 4664.64 106250 8
0.1215 0.000166667 22 2 0 0 2 2 1797923 4678.6 106317 8
0.121667 0.000166667 24 3 0 0 2 2 1803236 4694.93 106331 8
0.121833 0.000166667 24 3 0 0 2 2 1806183 4711.44 106342 8
0.122 0.000166667 25 3 0 0 2 2 1810285 4728.57 106340 8
0.122167 0.000166667 36 2 0 0 2 2 1812945 4747.62 106295 8
0.122333 0.000166667 24 2 0 0 2 2 1816235 4762.59 106342 8
0.1225 0.000166667 29 2 0 0 2 2 1819420 4779.37 106349 8
0.122667 0.000166667 31 2 0 0 2 2 1822626 4796.9 106341 8
0.122833 0.000166667 18 3 0 0 2 2 1824229 4810.83 106412 8
0.123 0.000166667 22 3 0 0 2 2 1830326 4826.66 106442 8
0.123167 0.000166667 23 3 0 0 2 2 1830424 4843.01 106461 8
0.123333 0.000166667 23 3 0 0 2 2 1833945 4859.28 106482 8
0.1235 0.000166667 25 3 0 0 2 2 1835233 4876.33 106486 8
0.123667 0.000166667 23 3 0 0 2 2 1836563 4892.52 106509 8
0.123833 0.000166667 31 2 0 0 2 2 1836759 4909.97 106504 8
0.124 0.000166667 31 2 0 0 2 2 1840175 4927.17 106506 8
0.124167 0.000166667 33 2 0 0 2 2 1837214 4945.29 106487 8
0.124333 0.000166667 34 2 0 0 2 2 1841827 4964.47 106447 8
0.1245 0.000166667 32 2 0 0 2 2 1846062 4982.34 106436 8
0.124667 0.000166667 34 2 0 0 2 2 1848407 5001.03 106408 8
0.124833 0.000166667 34 2 0 0 2 2 1856695 5019.96 106376 8
0.125 0.000166667 29 2 0 0 2 2 1862883 5037.02 106386 8
0.125172 0.000172414 21 2 0 0 2 2 1861770 5052.05 106438 8
0.125345 0.000172414 32 2 0 0 2 2 1867524 5071.02 106408 8
0.125517 0.000172414 35 2 0 0 2 2 1872319 5090.08 106377 8
0.12569 0.000172414 34 2 0 0 2 2 1877240 5108.75 106356 8
0.125862 0.000172414 34 2 0 0 2 2 1878528 5127.35 106336 8
0.126034 0.000172414 35 2 0 0 2 2 1878913 5146.16 106313 8
0.126207 0.000172414 35 2 0 0 2 2 1880530 5165.05 106288 8
0.126379 0.000172414 34 2 0 0 2 2 1882560 5183.46 106274 8
0.126552 0.000172414 25 3 0 0 2 2 1883771 5200.54 106287 8
0.126724 0.000172414 24 2 0 0 2 2 1884121 5215.56 106342 8
0.126897 0.000172414 36 2 0 0 2 2 1889413 5234.54 106318 8
0.127069 0.000172414 34 2 0 0 2 2 1898121 5253.29 106299 8
0.127241 0.000172414 36 2 0 0 2 2 1909839 5272.86 106267 8
0.127414 0.000172414 32 2 0 0 2 2 1916776 5291.14 106262 8
0.127586 0.000172414 29 2 0 0 2 2 1915425 5308.45 106277 8
0.127759 0.000172414 34 2 0 0 2 2 1923384 5327.45 106259 8
0.127931 0.000172414 34 2 0 0 2 2 1931483 5346.74 106236 8
0.128103 0.000172414 36 2 0 0 2 2 1936593 5367.09 106194 8
0.128276 0.000172414 32 2 0 0 2 2 1941696 5385.66 106189 8
0.128448 0.000172414 35 2 0 0 2 2 1949907 5405.4 106162 8
0.128621 0.000172414 37 2 0 0 2 2 1956389 5426.13 106117 8
0.128793 0.000172414 34 2 0 0 2 2 1957082 5446.27 106084 8
0.128966 0.000172414 34 2 0 0 2 2 1958510 5465.9 106061 8
0.129138 0.000172414 24 2 0 0 2 2 1970830 5481.83 106112 8
0.12931 0.000172414 31 2 0 0 2 2 1970725 5500.41 106112 8
0.129483 0.000172414 34 2 0 0 2 2 1972615 5520.12 106091 8
0.129655 0.000172414 32 2 0 0 2 2 1973658 5539.25 106081 8
0.129828 0.000172414 28 3 0 0 2 2 1979916 5558 106079 8
0.13 0.000172414 20 4 0 0 2 2 1982660 5574.84 106114 8
0.130172 0.000172414 27 3 0 0 2 2 1985621 5595.38 106079 8
0.130345 0.000172414 27 3 0 0 2 2 1987238 5614.92 106064 8
0.130517 0.000172414 25 3 0 0 2 2 1987833 5633.24 106072 8
0.130683 0.000166028 35 2 0 0 2 2 1990808 5653.55 106043 8
0.130849 0.000166028 29 2 0 0 2 2 1990794 5671.49 106059 8
0.131015 0.000166028 33 2 0 0 2 2 1990388 5691.04 106044 8
0.131181 0.000166028 34 2 0 0 2 2 1994308 5710.91 106025 8
0.131347 0.000166028 34 2 0 0 2 2 2001308 5731.1 106000 8
0.131513 0.000166028 36 2 0 0 2 2 2007097 5751.78 105968 8
0.131672 0.000158481 33 2 0 0 2 2 2014006 5771.43 105956 8
0.13183 0.000158481 37 2 0 0 2 2 2018871 5792.75 105915 8
0.131989 0.000158481 37 2 0 0 2 2 2016253 5814 105874 8
0.132147 0.000158481 34 2 0 0 2 2 2013915 5834.05 105856 8
0.132306 0.000158481 35 2 0 0 2 2 2012550 5854.49 105830 8
0.132464 0.000158481 33 2 0 0 2 2 2020040 5874.12 105820 8
0.132623 0.000158481 27 2 0 0 2 2 2023057 5891.65 105849 8
0.132781 0.000158481 33 2 0 0 2 2 2023764 5911.5 105836 8
0.13294 0.000158481 27 2 0 0 2 2 2025024 5929.04 105864 8
0.133098 0.000158481 34 2 0 0 2 2 2030358 5949.23 105846 8
0.133257 0.000158481 34 2 0 0 2 2 2029336 5969.5 105827 8
0.133415 0.000158481 35 2 0 0 2 2 2030785 5990 105803 8
0.133574 0.000158481 38 2 0 0 2 2 2031555 6011.55 105762 8
0.133732 0.000158481 34 2 0 0 2 2 2032563 6031.78 105744 8
0.133891 0.000158481 36 2 0 0 2 2 2034488 6052.71 105715 8
0.134049 0.000158481 35 2 0 0 2 2 2041544 6073.49 105689 8
0.134208 0.000158481 32 2 0 0 2 2 2042510 6093.09 105685 8
0.134366 0.000158481 34 2 0 0 2 2 2043532 6113.49 105666 8
0.134525 0.000158481 34 2 0 0 2 2 2046689 6133.7 105652 8
0.134683 0.000158481 33 2 0 0 2 2 2052254 6153.65 105643 8
0.134842 0.000158481 35 2 0 0 2 2 2055670 6174.43 105620 8
0.134921 7.92407e-05 28 2 0 0 2 2 2056104 6192.85 105638 8
0.135 7.92407e-05 26 2 0 0 2 2 2057854 6210.28 105673 8
0.135156 0.00015625 37 2 0 0 2 2 2054494 6232.81 105620 8
0.135313 0.00015625 35 2 0 0 2 2 2054368 6253.65 105597 8
0.135469 0.00015625 25 2 0 0 2 2 2055159 6270.51 105641 8
0.135625 0.00015625 33 2 0 0 2 2 2062852 6290.56 105632 8
0.135781 0.00015625 32 2 0 0 2 2 2063153 6310.3 105628 8
0.135938 0.00015625 28 2 0 0 2 2 2069964 6328.45 105653 8
0.136094 0.00015625 30 2 0 0 2 2 2068648 6347.25 105666 8
0.13625 0.00015625 29 2 0 0 2 2 2070762 6365.9 105681 8
0.136406 0.00015625 35 2 0 0 2 2 2070804 6386.76 105660 8
0.136563 0.00015625 34 2 0 0 2 2 2075522 6407.26 105646 8
0.136719 0.00015625 37 2 0 0 2 2 2077167 6428.89 105614 8
0.136875 0.00015625 38 2 0 0 2 2 2076929 6450.94 105575 8
0.137031 0.00015625 27 3 0 0 2 2 2076964 6469.78 105589 8
0.137187 0.00015625 36 2 0 0 2 2 2074472 6491.14 105561 8
0.137344 0.00015625 34 2 0 0 2 2 2074871 6511.72 105546 8
0.1375 0.00015625 30 2 0 0 2 2 2072015 6530.58 105558 8
0.137647 0.000147059 32 2 0 0 2 2 2067885 6550.37 105555 8
0.137794 0.000147059 30 2 0 0 2 2 2067591 6569.23 105567 8
0.137941 0.000147059 32 2 0 0 2 2 2066394 6588.98 105564 8
0.138088 0.000147059 37 2 0 0 2 2 2068256 6610.76 105529 8
0.138235 0.000147059 36 2 0 0 2 2 2069187 6632.1 105501 8
0.138382 0.000147059 38 2 0 0 2 2 2070139 6654.23 105462 8
0.138529 0.000147059 37 2 0 0 2 2 2071819 6675.87 105430 8
0.138676 0.000147059 26 3 0 0 2 2 2067451 6694.19 105450 8
0.138824 0.000147059 37 2 0 0 2 2 2069740 6715.85 105418 8
0.138971 0.000147059 28 3 0 0 2 2 2069460 6734.89 105428 8
0.139118 0.000147059 18 3 0 0 2 2 2069201 6750.59 105489 8
0.139265 0.000147059 22 3 0 0 2 2 2068739 6768.24 105519 8
0.139412 0.000147059 30 2 0 0 2 2 2065967 6787.25 105528 8
0.139559 0.000147059 25 3 0 0 2 2 2065995 6804.74 105561 8
0.139706 0.000147059 36 2 0 0 2 2 2064189 6826.12 105533 8
0.139853 0.000147059 36 2 0 0 2 2 2065141 6847.3 105508 8
0.14 0.000147059 37 2 0 0 2 2 2066793 6868.72 105479 8
0.140152 0.000151515 35 2 0 0 2 2 2066604 6890.27 105450 8
0.140303 0.000151515 30 2 0 0 2 2 2063937 6909.02 105462 8
0.140455 0.000151515 36 2 0 0 2 2 2064273 6930.04 105440 8
0.140606 0.000151515 36 2 0 0 2 2 2064777 6951.1 105418 8
0.140758 0.000151515 35 2 0 0 2 2 2064350 6971.76 105401 8
0.140909 0.000151515 35 2 0 0 2 2 2062306 6992.34 105386 8
0.141055 0.000146104 31 2 0 0 2 2 2062418 7011.46 105393 8
0.141201 0.000146104 32 2 0 0 2 2 2062012 7030.98 105394 8
0.141347 0.000146104 32 2 0 0 2 2 2058701 7050.31 105397 8
0.141494 0.000146104 31 2 0 0 2 2 2058043 7069.32 105404 8
0.14164 0.000146104 37 2 0 0 2 2 2058190 7090.7 105377 8
0.141786 0.000146104 34 2 0 0 2 2 2058897 7111.13 105364 8
0.141932 0.000146104 27 2 0 0 2 2 2059485 7128.58 105395 8
0.142078 0.000146104 26 4 0 0 2 2 2060934 7147.53 105403 8
0.142224 0.000146104 23 4 0 0 2 2 2064518 7166.75 105409 8
0.14237 0.000146104 23 4 0 0 2 2 2062754 7185.79 105417 8
0.142516 0.000146104 19 3 0 0 2 2 2060269 7202.14 105463 8
0.142662 0.000146104 54 3 0 0 2 2 2060556 7234.65 105274 8
0.142808 0.000146104 96 16 0 0 2 2 2061795 7372.78 103582 8
0.142955 0.000146104 94 29 0 0 2 2 2060745 7611.78 100600 8
0.143101 0.000146104 97 35 0 0 2 2 2058862 7911.32 97051.3 8
0.143247 0.000146104 91 37 0 0 2 2 2057994 8215.73 93705.9 8
0.143393 0.000146104 90 39 0 0 2 2 2057609 8533.3 90459.7 8
0.143539 0.000146104 87 41 0 0 2 2 2055215 8853.68 87418.4 8
0.143685 0.000146104 80 43 0 0 2 2 2053129 9161.56 84704.8 8
0.143831 0.000146104 78 45 0 0 2 2 2051967 9473.47 82132.5 8
0.143977 0.000146104 68 45 0 0 2 2 2053437 9750.63 80008.5 8
0.144123 0.000146104 67 45 0 0 2 2 2054914 10024.7 78025.9 8
0.144269 0.000146104 70 45 0 0 2 2 2055362 10310.4 76063 8
0.144416 0.000146104 73 45 0 0 2 2 2055621 10608.2 74121.6 8
0.144562 0.000146104 73 45 0 0 2 2 2056041 10907.4 72277.4 8
0.144708 0.000146104 69 45 0 0 2 2 2056930 11189.7 70637.6 8
0.144854 0.000146104 67 44 0 0 2 2 2059569 11458.3 69161.2 8
0.145 0.000146104 66 43 0 0 2 2 2060542 11718.4 67802.2 8
0.145147 0.000147059 68 43 0 0 2 2 2061109 11983.1 66476.4 8
0.145294 0.000147059 65 43 0 0 2 2 2060913 12235.4 65274 8
0.145441 0.000147059 64 43 0 0 2 2 2060864 12484 64139.5 8
0.145588 0.000147059 59 43 0 0 2 2 2059639 12714.3 63139.6 8
0.145735 0.000147059 60 42 0 0 2 2 2059247 12946.8 62164.6 8
0.145882 0.000147059 64 41 0 0 2 2 2057826 13189.1 61178.5 8
0.146029 0.000147059 70 41 0 0 2 2 2057763 13447 60158.3 8
0.146176 0.000147059 71 41 0 0 2 2 2057133 13709.1 59158.3 8
0.146318 0.000141612 71 41 0 0 2 2 2055817 13970.3 58199.2 8
0.14646 0.000141612 72 41 0 0 2 2 2055061 14236.3 57256.2 8
0.146601 0.000141612 72 41 0 0 2 2 2054718 14502 56349.1 8
0.146743 0.000141612 72 41 0 0 2 2 2055264 14766.9 55477.4 8
0.146885 0.000141612 72 41 0 0 2 2 2055957 15032.7 54633.3 8
0.147026 0.000141612 73 41 0 0 2 2 2056118 15302.7 53803.5 8
0.147168 0.000141612 72 41 0 0 2 2 2056657 15568.8 53016 8
0.147309 0.000141612 68 41 0 0 2 2 2058288 15825 52287.8 8
0.147451 0.000141612 72 41 0 0 2 2 2059065 16092.5 51546.5 8
0.147593 0.000141612 68 41 0 0 2 2 2059961 16349.1 50863.6 8
0.147734 0.000141612 69 41 0 0 2 2 2061305 16608.3 50193.8 8
0.147876 0.000141612 71 41 0 0 2 2 2062950 16874.4 49524.6 8
0.148017 0.000141612 72 41 0 0 2 2 2064189 17145.6 48861.6 8
0.148159 0.000141612 69 41 0 0 2 2 2065057 17405.2 48251.6 8
0.148301 0.000141612 77 43 0 0 2 2 2064434 17704.1 47553.5 8
0.148442 0.000141612 65 45 0 0 2 2 2063937 17966.1 46974.8 8
0.148584 0.000141612 66 45 0 0 2 2 2063769 18237.9 46387.9 8
0.148713 0.000128738 65 45 0 0 2 2 2063811 18505.9 45827.8 8
0.148841 0.000128738 65 45 0 0 2 2 2062824 18773.5 45284.3 8
0.14897 0.000128738 65 45 0 0 2 2 2062166 19040.8 44756.8 8
0.149099 0.000128738 65 45 0 0 2 2 2062628 19308.4 44243.4 8
0.149228 0.000128738 64 45 0 0 2 2 2062621 19571.6 43753.8 8
0.149356 0.000128738 65 45 0 0 2 2 2062166 19839.6 43266.7 8
0.149485 0.000128738 66 45 0 0 2 2 2062152 20111.3 42784.8 8
0.149614 0.000128738 66 45 0 0 2 2 2063587 20382.7 42316.4 8
0.149743 0.000128738 66 45 0 0 2 2 2063818 20653.5 41861.5 8
0.149871 0.000128738 67 45 0 0 2 2 2064322 20928.8 41409.4 8
0.15 0.000128738 65 45 0 0 2 2 2064560 21196 40984.8 8
